;x;f(x);f'(x)cen;f'(x)ade;f'(x)atr
0;1;0.5;-0.2145;-0.357;-0.357
1;2;0.143;-0.049499999999999995;-0.072;-0.072
2;3;0.071;-0.020999999999999998;-0.026999999999999996;-0.026999999999999996
3;4;0.044;-0.011499999999999998;-0.014999999999999996;-0.014999999999999996
4;5;0.029;-0.006500000000000001;-0.008;-0.008
5;6;0.021;-0.004000000000000001;-0.005000000000000001;-0.005000000000000001
6;7;0.016;-0.003;-0.003000000000000001;-0.003000000000000001
7;8;0.013;-0.0024999999999999996;-0.002999999999999999;-0.002999999999999999
8;9;0.01;-0.0015;-0.002;-0.002
9;10;0.008;-0.001;-0.001;-0.001
10;11;0.007;;-0.001;-0.001
11;12;0.006;;;
